a <- 2
c <- 8
d <- 44
k <- 10