a <- 2
c <- 8
d <- 0
